$ANSIBLE_VAULT;1.1;AES256
31303335376362316333656237653038353931653637613539363930376130386137663532333232
6439343465636439396161663530303239623234653536650a636661303861626535386466343832
31623730366134313465386665616634363863306566373837356661323939613861323866366139
3332343963663564350a643038633932656135623138313239383330323137633738373732666531
66643864323037633764386265326164373463303934623633643834613038643131353934306430
39383862663166346132306638636339633364636463663338393637333133323732313763306634
32373538386330346166666664613630653933306332623536613331396463346230613366393130
30363263313164636236353036623932316534623339323761336136343761303737616237633832
63316564393466346463326265346461386135306466383261393866346334393866346336336333
39626230363064376137366166373933393465396532323337613462643538616665643438393134
64306433333331633364396539626263613735393932313063363364633134383561636134613338
39656230656661376531313534303462646130663331376635383263363966326236316662643233
35386134633236346464653161656266356238333033323364303431653365616635383933366664
38356662366438363238366663313037393535343964383861653633646564656461623665346136
363336326161636139373637316333306230
